          20          20          58
           1           1   1.0000000000000000     
           1           2   0.0000000000000000     
           2           1   361.00000000000006     
           2           2  -721.75000000000011     
           2           3   361.00000000000006     
           3           2   361.00000000000006     
           3           3  -721.75000000000011     
           3           4   361.00000000000006     
           4           3   361.00000000000006     
           4           4  -721.75000000000011     
           4           5   361.00000000000006     
           5           4   361.00000000000006     
           5           5  -721.75000000000011     
           5           6   361.00000000000006     
           6           5   361.00000000000006     
           6           6  -721.75000000000011     
           6           7   361.00000000000006     
           7           6   361.00000000000006     
           7           7  -721.75000000000011     
           7           8   361.00000000000006     
           8           7   361.00000000000006     
           8           8  -721.75000000000011     
           8           9   361.00000000000006     
           9           8   361.00000000000006     
           9           9  -721.75000000000011     
           9          10   361.00000000000006     
          10           9   361.00000000000006     
          10          10  -721.75000000000011     
          10          11   361.00000000000006     
          11          10   361.00000000000006     
          11          11  -721.75000000000011     
          11          12   361.00000000000006     
          12          11   361.00000000000006     
          12          12  -721.75000000000011     
          12          13   361.00000000000006     
          13          12   361.00000000000006     
          13          13  -721.75000000000011     
          13          14   361.00000000000006     
          14          13   361.00000000000006     
          14          14  -721.75000000000011     
          14          15   361.00000000000006     
          15          14   361.00000000000006     
          15          15  -721.75000000000011     
          15          16   361.00000000000006     
          16          15   361.00000000000006     
          16          16  -721.75000000000011     
          16          17   361.00000000000006     
          17          16   361.00000000000006     
          17          17  -721.75000000000011     
          17          18   361.00000000000006     
          18          17   361.00000000000006     
          18          18  -721.75000000000011     
          18          19   361.00000000000006     
          19          18   361.00000000000006     
          19          19  -721.75000000000011     
          19          20   361.00000000000006     
          20          19   0.0000000000000000     
          20          20   1.0000000000000000     
