   1.3468209072266289E-002
   2.6276742239031106E-002
   3.8423494218708748E-002
   4.9906468503741648E-002
   6.0723777688757231E-002
   7.0873643780793236E-002
   8.0354398491537332E-002
   8.9164483511536580E-002
   9.7302450766330095E-002
  0.10476696265446236     
  0.11155679226733917     
  0.11767082359088868     
  0.12310805168899591     
  0.12786758286867964     
  0.13194863482698452     
  0.13535053677956504     
  0.13807272957093916     
  0.14011476576639434     
  0.14147630972553027     
  0.14215713765742663     
  0.14215713765742663     
  0.14147630972553027     
  0.14011476576639434     
  0.13807272957093916     
  0.13535053677956504     
  0.13194863482698452     
  0.12786758286867961     
  0.12310805168899587     
  0.11767082359088862     
  0.11155679226733910     
  0.10476696265446227     
   9.7302450766329984E-002
   8.9164483511536496E-002
   8.0354398491537180E-002
   7.0873643780793111E-002
   6.0723777688757072E-002
   4.9906468503741482E-002
   3.8423494218708616E-002
   2.6276742239031016E-002
   1.3468209072266247E-002
